1640 1636 1562 1631 1682 1658 1581 1535 1606 1597 1696 1620 1679 1648 1660 1829 1406 1655 1556 1701 1655 1600 1705 1537 1619 1725 1633 1702 1772 1511 1436 1685 1533 1617 1531 1647 1461 1683 1691 1540 1562 1621 1676 1694 1647 1675 1806 1662 1551 1453 1261 1592 1740 1776 1485 1495 1711 1523 1665 1568 1455 1654 1633 1471 
1645 1721 1588 1639 1724 1614 1641 1618 1644 1547 1562 1530 1676 1657 1684 1762 1514 1608 1570 1775 1687 1450 1759 1567 1595 1721 1665 1761 1765 1622 1416 1610 1623 1642 1550 1698 1539 1617 1585 1559 1386 1699 1735 1525 1598 1639 1714 1686 1680 1400 1394 1518 1656 1692 1571 1465 1739 1569 1655 1669 1514 1714 1556 1446 
1567 1657 1620 1556 1694 1625 1578 1600 1542 1617 1578 1518 1513 1638 1554 1641 1413 1556 1522 1536 1635 1504 1636 1451 1484 1615 1590 1559 1678 1539 1353 1608 1588 1534 1613 1656 1397 1583 1532 1479 1390 1685 1646 1562 1430 1499 1715 1605 1609 1360 1312 1519 1518 1677 1509 1581 1625 1445 1640 1578 1477 1629 1516 1438 
1685 1734 1792 1706 1764 1723 1617 1725 1739 1749 1760 1683 1729 1821 1775 1853 1632 1719 1699 1841 1786 1672 1816 1689 1784 1850 1746 1865 1905 1662 1547 1753 1757 1718 1665 1741 1563 1785 1763 1642 1632 1719 1834 1675 1710 1732 1894 1823 1748 1433 1448 1654 1777 1987 1618 1572 1819 1701 1756 1654 1686 1812 1640 1566 
1733 1660 1670 1564 1749 1781 1722 1692 1964 1792 1764 1851 1787 1857 1743 1846 1561 1627 1663 1823 1856 1746 1957 1705 1796 1750 1966 1860 1731 1712 1695 1800 1761 1703 1682 1613 1495 1779 1803 1597 1675 1749 1874 1633 1691 1759 1905 1815 1767 1490 1473 1592 1922 1909 1520 1519 1910 1657 1794 1801 1621 1733 1643 1584 
1690 1693 1623 1668 1809 1617 1672 1768 1739 1702 1692 1687 1608 1862 1652 1860 1515 1633 1664 1857 1764 1623 1837 1713 1655 1726 1754 1817 1810 1605 1557 1839 1741 1738 1721 1750 1527 1632 1683 1545 1532 1734 1876 1590 1565 1661 1905 1768 1758 1509 1418 1586 1738 1866 1605 1513 1786 1671 1763 1847 1679 1797 1545 1577 
1602 1707 1689 1605 1712 1625 1567 1609 1731 1599 1674 1735 1686 1789 1566 1825 1481 1554 1642 1798 1668 1530 1777 1591 1685 1616 1735 1671 1697 1519 1537 1765 1706 1612 1578 1564 1489 1697 1665 1446 1571 1708 1801 1578 1568 1604 1874 1759 1741 1351 1320 1650 1700 1849 1514 1449 1818 1681 1794 1750 1526 1649 1539 1678 
1743 1709 1656 1644 1823 1782 1736 1712 1836 1791 1768 1800 1675 1836 1777 1908 1515 1736 1740 1806 1787 1732 1922 1661 1780 1676 1885 1792 1876 1616 1628 1800 1684 1730 1728 1620 1453 1752 1720 1660 1587 1743 1793 1660 1581 1719 2009 1740 1710 1541 1369 1676 1764 1814 1595 1687 1892 1657 1814 1726 1634 1840 1719 1568 
1783 1771 1587 1668 1837 1759 1708 1767 1855 1751 1727 1775 1802 1880 1798 1878 1577 1742 1715 1843 1878 1734 1935 1777 1695 1845 1870 1841 1874 1644 1595 1835 1700 1752 1751 1713 1571 1781 1743 1691 1578 1672 1882 1710 1639 1799 1931 1794 1733 1535 1400 1714 1843 1852 1622 1691 1928 1629 1863 1722 1708 1819 1641 1497 
1616 1598 1637 1494 1641 1759 1579 1571 1896 1703 1591 1683 1781 1721 1646 1780 1445 1583 1540 1600 1706 1582 1720 1641 1633 1635 1723 1588 1780 1541 1435 1658 1482 1606 1694 1665 1435 1696 1732 1475 1570 1663 1809 1653 1642 1683 1787 1722 1594 1324 1373 1591 1627 1836 1473 1524 1780 1555 1675 1606 1474 1697 1571 1437 
1688 1641 1639 1582 1792 1740 1609 1620 1678 1676 1637 1672 1559 1707 1681 1769 1436 1600 1523 1753 1706 1507 1721 1619 1695 1614 1669 1659 1677 1589 1516 1669 1575 1559 1582 1647 1463 1743 1680 1601 1587 1709 1681 1629 1629 1704 1910 1623 1665 1570 1437 1589 1713 1791 1434 1529 1791 1486 1661 1615 1467 1690 1569 1514 
1670 1764 1598 1505 1704 1677 1647 1574 1699 1657 1619 1700 1711 1723 1712 1738 1415 1634 1576 1708 1608 1518 1810 1656 1675 1637 1706 1662 1864 1644 1505 1637 1605 1663 1534 1593 1451 1674 1730 1552 1514 1701 1736 1587 1596 1733 1734 1636 1661 1453 1383 1592 1704 1769 1503 1539 1896 1646 1655 1701 1573 1716 1597 1522 
1693 1653 1520 1619 1691 1718 1604 1663 1670 1576 1654 1518 1614 1648 1674 1707 1437 1600 1515 1664 1722 1543 1781 1525 1549 1629 1673 1705 1796 1620 1458 1706 1678 1703 1614 1737 1582 1576 1572 1573 1448 1766 1716 1576 1667 1592 1822 1682 1722 1442 1438 1511 1583 1672 1534 1529 1742 1521 1618 1697 1404 1652 1582 1511 
1491 1507 1406 1539 1494 1437 1513 1423 1566 1538 1451 1467 1517 1554 1473 1653 1338 1372 1403 1538 1500 1380 1702 1427 1486 1597 1543 1487 1727 1447 1276 1544 1405 1528 1445 1490 1315 1488 1471 1356 1365 1540 1624 1363 1423 1464 1622 1583 1475 1343 1213 1441 1448 1607 1347 1405 1633 1459 1484 1526 1388 1563 1469 1340 
1596 1572 1479 1518 1474 1541 1478 1520 1580 1627 1528 1531 1406 1603 1556 1712 1410 1391 1561 1604 1571 1511 1738 1458 1619 1572 1610 1659 1624 1445 1485 1624 1507 1561 1407 1384 1367 1453 1572 1411 1467 1494 1710 1359 1422 1511 1705 1581 1503 1273 1299 1360 1559 1667 1407 1311 1685 1560 1675 1581 1564 1518 1545 1465 
1690 1709 1664 1739 1746 1767 1668 1744 1790 1694 1715 1717 1741 1779 1781 1939 1559 1739 1631 1870 1761 1698 1940 1632 1758 1794 1779 1877 1871 1671 1639 1758 1733 1687 1701 1687 1589 1732 1710 1576 1639 1737 1835 1682 1670 1777 1999 1825 1719 1513 1350 1698 1890 1907 1604 1549 1936 1663 1744 1702 1577 1779 1674 1553 
1638 1679 1544 1631 1829 1767 1570 1639 1736 1661 1636 1635 1683 1776 1764 1773 1467 1578 1663 1797 1793 1614 1836 1705 1734 1675 1774 1655 1787 1572 1538 1705 1645 1713 1618 1658 1421 1756 1666 1627 1528 1727 1715 1683 1551 1681 1860 1679 1711 1466 1439 1635 1636 1808 1572 1581 1848 1478 1785 1641 1570 1660 1671 1568 
1455 1561 1475 1495 1549 1520 1511 1437 1485 1497 1531 1462 1513 1534 1573 1611 1303 1539 1451 1557 1602 1404 1670 1568 1501 1592 1487 1670 1612 1535 1348 1523 1559 1488 1470 1523 1367 1639 1518 1436 1371 1522 1595 1536 1518 1558 1582 1533 1555 1383 1268 1476 1618 1684 1390 1356 1603 1435 1547 1483 1445 1501 1355 1362 
1432 1439 1452 1337 1496 1531 1485 1425 1461 1434 1443 1452 1355 1522 1447 1512 1273 1472 1371 1563 1429 1293 1551 1429 1467 1451 1620 1503 1544 1379 1347 1469 1472 1509 1408 1448 1220 1468 1462 1306 1218 1532 1508 1397 1402 1419 1520 1402 1490 1253 1187 1357 1427 1510 1355 1252 1473 1375 1508 1513 1379 1405 1344 1390 
1590 1614 1597 1453 1602 1674 1487 1584 1820 1617 1645 1648 1582 1685 1634 1653 1451 1585 1586 1615 1665 1532 1736 1536 1618 1536 1705 1692 1596 1556 1496 1682 1620 1563 1509 1520 1436 1547 1606 1514 1440 1667 1671 1507 1521 1485 1796 1512 1563 1311 1379 1408 1642 1666 1400 1430 1747 1531 1730 1626 1533 1616 1454 1462 
1595 1614 1562 1417 1621 1581 1484 1558 1695 1621 1651 1650 1593 1624 1630 1603 1471 1521 1537 1570 1640 1561 1648 1473 1563 1571 1602 1654 1582 1551 1460 1629 1599 1589 1520 1535 1319 1549 1624 1485 1494 1579 1668 1521 1536 1592 1692 1583 1585 1309 1329 1491 1667 1689 1380 1450 1708 1503 1656 1642 1490 1540 1364 1462 
1577 1573 1437 1521 1496 1561 1555 1456 1620 1574 1526 1525 1458 1546 1600 1645 1315 1468 1458 1561 1589 1461 1736 1500 1529 1593 1654 1625 1652 1541 1410 1602 1524 1562 1522 1464 1370 1492 1578 1395 1441 1521 1680 1482 1437 1487 1649 1617 1434 1298 1259 1479 1629 1590 1376 1420 1644 1538 1583 1508 1511 1503 1510 1310 
1685 1649 1644 1521 1671 1742 1634 1702 1754 1610 1673 1757 1649 1674 1716 1797 1445 1653 1633 1746 1653 1513 1803 1602 1688 1549 1713 1797 1752 1635 1603 1664 1677 1683 1610 1584 1523 1699 1716 1499 1504 1720 1726 1555 1646 1670 1784 1651 1668 1424 1329 1582 1723 1740 1530 1394 1913 1588 1686 1662 1483 1679 1530 1524 
1755 1710 1729 1612 1836 1811 1693 1702 1851 1757 1753 1784 1764 1776 1825 1847 1558 1737 1778 1903 1728 1604 1837 1687 1749 1727 1838 1843 1817 1711 1613 1748 1711 1804 1694 1743 1530 1728 1838 1628 1561 1821 1810 1716 1728 1805 1858 1840 1744 1430 1484 1646 1835 1854 1587 1543 1926 1691 1807 1770 1681 1838 1681 1612 
1401 1335 1328 1299 1445 1371 1340 1440 1412 1419 1354 1349 1416 1473 1333 1477 1297 1400 1275 1450 1450 1331 1421 1330 1323 1424 1416 1427 1491 1218 1187 1344 1292 1388 1415 1439 1243 1416 1332 1337 1232 1374 1478 1260 1347 1397 1544 1434 1387 1186 1101 1276 1329 1535 1327 1283 1476 1225 1401 1427 1271 1478 1236 1234 
1598 1731 1737 1713 1727 1673 1562 1625 1808 1724 1712 1787 1762 1778 1684 1796 1502 1577 1644 1695 1692 1631 1838 1650 1687 1724 1757 1700 1808 1647 1576 1677 1664 1654 1570 1728 1477 1729 1866 1571 1543 1717 1741 1652 1685 1643 1842 1645 1677 1441 1378 1585 1670 1782 1598 1575 1794 1638 1778 1559 1467 1764 1617 1673 
1734 1848 1768 1653 1789 1825 1655 1690 1900 1813 1691 1778 1719 1816 1747 1789 1502 1650 1635 1835 1870 1568 1791 1778 1812 1662 1750 1768 1840 1690 1550 1732 1663 1804 1736 1821 1477 1784 1848 1595 1583 1767 1830 1689 1663 1792 1865 1684 1790 1526 1522 1632 1847 1889 1521 1576 1845 1662 1763 1747 1616 1790 1617 1579 
1555 1746 1710 1534 1754 1682 1646 1560 1740 1589 1660 1598 1668 1578 1709 1721 1385 1644 1513 1802 1687 1443 1689 1610 1667 1538 1669 1571 1815 1521 1402 1642 1570 1678 1596 1663 1454 1666 1597 1618 1493 1703 1677 1593 1543 1560 1786 1620 1585 1407 1316 1583 1590 1757 1563 1596 1748 1406 1696 1499 1445 1729 1572 1509 
1619 1708 1645 1623 1826 1718 1608 1637 1716 1689 1690 1769 1717 1906 1610 1777 1457 1595 1595 1790 1809 1638 1773 1690 1669 1700 1784 1667 1821 1631 1514 1764 1645 1731 1687 1712 1467 1820 1751 1610 1571 1643 1774 1671 1640 1643 1827 1814 1693 1462 1322 1690 1808 1910 1530 1612 1826 1653 1823 1662 1609 1741 1686 1621 
1748 1777 1623 1562 1805 1768 1692 1760 1756 1662 1743 1742 1760 1778 1786 1915 1546 1725 1667 1818 1814 1647 1857 1690 1812 1738 1726 1871 1846 1583 1584 1728 1737 1771 1619 1737 1565 1740 1706 1618 1567 1788 1801 1640 1639 1729 1804 1725 1676 1570 1413 1645 1760 1795 1608 1509 1943 1620 1673 1803 1604 1755 1650 1567 
1568 1712 1639 1547 1767 1692 1690 1583 1696 1644 1621 1606 1606 1714 1677 1751 1446 1542 1546 1840 1681 1514 1703 1616 1659 1653 1765 1692 1781 1579 1509 1687 1640 1682 1615 1641 1485 1605 1666 1511 1489 1655 1777 1600 1572 1617 1733 1686 1751 1375 1348 1567 1673 1765 1518 1452 1695 1517 1717 1676 1510 1633 1538 1563 
1560 1537 1485 1601 1596 1497 1597 1473 1694 1538 1533 1502 1598 1508 1616 1634 1424 1462 1487 1583 1565 1450 1689 1497 1476 1549 1616 1605 1623 1607 1441 1559 1458 1495 1485 1536 1463 1512 1597 1493 1434 1570 1661 1511 1542 1651 1664 1631 1622 1362 1392 1507 1591 1616 1457 1431 1705 1438 1553 1501 1378 1640 1440 1364 
1613 1548 1529 1588 1659 1566 1636 1535 1705 1649 1614 1586 1644 1631 1644 1723 1375 1487 1514 1527 1708 1546 1748 1598 1526 1595 1712 1687 1658 1597 1553 1630 1570 1527 1574 1591 1520 1621 1682 1440 1561 1602 1716 1575 1574 1553 1801 1569 1612 1325 1321 1488 1693 1717 1503 1494 1732 1457 1648 1608 1493 1657 1584 1507 
1706 1726 1684 1692 1726 1665 1562 1706 1764 1677 1623 1634 1555 1870 1689 1701 1553 1630 1546 1826 1709 1640 1682 1634 1672 1798 1753 1721 1701 1603 1501 1749 1623 1689 1661 1792 1504 1655 1731 1656 1522 1684 1882 1671 1609 1676 1851 1761 1790 1547 1457 1592 1713 1877 1597 1588 1799 1559 1732 1652 1565 1761 1546 1602 
1611 1620 1573 1464 1623 1684 1547 1518 1700 1505 1586 1604 1644 1609 1586 1724 1409 1611 1504 1742 1645 1392 1711 1650 1538 1540 1692 1635 1627 1525 1436 1549 1552 1501 1495 1536 1394 1719 1610 1486 1331 1635 1594 1544 1597 1640 1741 1540 1609 1377 1268 1533 1749 1756 1505 1345 1758 1438 1593 1563 1443 1619 1477 1421 
1464 1547 1665 1524 1697 1560 1572 1485 1759 1570 1643 1662 1684 1596 1679 1727 1408 1530 1530 1708 1693 1489 1689 1610 1597 1607 1622 1634 1653 1499 1560 1626 1574 1573 1507 1625 1467 1694 1642 1476 1502 1539 1628 1573 1584 1493 1687 1643 1534 1289 1245 1476 1662 1764 1445 1436 1754 1465 1546 1495 1415 1634 1506 1482 
1559 1565 1623 1444 1703 1686 1476 1573 1666 1601 1572 1636 1559 1761 1562 1733 1532 1609 1626 1751 1707 1438 1600 1565 1579 1574 1665 1603 1580 1480 1424 1629 1573 1574 1577 1671 1363 1660 1627 1469 1401 1688 1678 1568 1569 1590 1749 1732 1639 1326 1317 1566 1627 1801 1491 1495 1731 1510 1661 1634 1544 1651 1462 1511 
1477 1511 1482 1389 1441 1544 1537 1412 1628 1573 1517 1516 1392 1525 1498 1644 1247 1404 1371 1529 1486 1376 1616 1495 1482 1457 1588 1597 1569 1448 1407 1596 1438 1501 1498 1393 1265 1485 1510 1307 1315 1478 1635 1398 1422 1450 1588 1555 1388 1236 1085 1406 1648 1558 1321 1296 1570 1457 1612 1440 1487 1565 1436 1398 
1530 1685 1578 1509 1700 1595 1533 1573 1683 1571 1521 1618 1550 1609 1632 1703 1396 1494 1471 1683 1634 1390 1719 1595 1632 1599 1580 1572 1728 1468 1460 1597 1514 1600 1476 1610 1400 1577 1744 1438 1391 1530 1676 1557 1527 1449 1682 1567 1556 1377 1303 1460 1539 1680 1373 1439 1764 1606 1694 1536 1550 1638 1573 1492 
1586 1530 1564 1377 1619 1666 1449 1450 1664 1551 1531 1672 1523 1669 1610 1680 1400 1499 1539 1640 1594 1317 1582 1513 1468 1565 1674 1507 1619 1424 1347 1572 1331 1497 1454 1570 1356 1560 1515 1496 1367 1592 1589 1469 1517 1577 1664 1593 1408 1332 1183 1357 1561 1683 1360 1363 1729 1395 1426 1558 1344 1612 1485 1296 
1562 1610 1631 1483 1647 1602 1593 1571 1687 1653 1559 1568 1691 1744 1595 1785 1449 1590 1544 1687 1696 1542 1695 1666 1600 1633 1664 1625 1679 1575 1466 1680 1478 1594 1549 1684 1390 1638 1723 1407 1352 1600 1818 1593 1598 1662 1634 1689 1628 1460 1236 1599 1617 1815 1582 1508 1814 1404 1748 1615 1447 1549 1445 1514 
1620 1776 1711 1691 1675 1678 1546 1634 1743 1771 1709 1681 1672 1807 1617 1703 1425 1533 1558 1699 1643 1525 1716 1621 1624 1703 1622 1693 1695 1595 1453 1670 1638 1616 1675 1785 1453 1680 1678 1468 1503 1771 1766 1654 1595 1683 1827 1662 1640 1376 1425 1580 1671 1815 1494 1472 1734 1657 1704 1710 1592 1721 1490 1585 
1408 1478 1465 1402 1547 1528 1450 1415 1571 1490 1420 1459 1508 1647 1494 1499 1331 1466 1366 1642 1468 1383 1602 1490 1500 1563 1600 1563 1664 1416 1333 1536 1524 1476 1554 1468 1267 1561 1377 1405 1310 1484 1480 1428 1423 1482 1719 1510 1565 1257 1236 1311 1596 1624 1327 1326 1570 1468 1536 1462 1521 1649 1484 1372 
1851 1873 1728 1602 1708 1788 1612 1759 1838 1773 1698 1789 1710 1876 1695 1856 1563 1797 1724 1781 1862 1704 1844 1698 1726 1712 1854 1868 1770 1596 1588 1752 1731 1739 1742 1650 1456 1789 1723 1629 1605 1760 1824 1640 1570 1774 1906 1735 1797 1535 1374 1675 1820 1827 1599 1613 1896 1632 1837 1768 1634 1783 1632 1491 
1222 1336 1250 1264 1424 1387 1317 1235 1353 1396 1368 1270 1354 1316 1295 1443 1126 1337 1197 1363 1382 1236 1451 1240 1354 1333 1367 1316 1489 1242 1183 1347 1362 1342 1283 1402 1189 1430 1298 1310 1139 1294 1284 1293 1258 1249 1517 1304 1268 1096 1063 1285 1352 1372 1187 1262 1303 1223 1353 1181 1225 1362 1355 1186 
1562 1566 1553 1458 1598 1542 1489 1553 1609 1520 1471 1525 1498 1678 1476 1685 1397 1502 1503 1614 1614 1423 1605 1503 1535 1580 1649 1616 1584 1363 1403 1549 1571 1536 1482 1516 1340 1541 1517 1406 1423 1529 1639 1437 1472 1503 1669 1610 1508 1335 1156 1422 1527 1697 1428 1408 1609 1491 1609 1560 1489 1584 1463 1425 
1545 1502 1458 1516 1548 1445 1470 1499 1592 1560 1536 1532 1548 1425 1606 1684 1345 1373 1458 1507 1640 1462 1617 1425 1619 1496 1579 1578 1512 1509 1370 1542 1454 1511 1363 1420 1407 1488 1632 1415 1476 1584 1670 1473 1493 1484 1532 1485 1501 1177 1358 1513 1492 1541 1377 1378 1597 1434 1593 1507 1429 1447 1487 1460 
1566 1546 1576 1459 1646 1685 1542 1474 1703 1569 1542 1622 1560 1733 1654 1668 1418 1593 1660 1659 1651 1542 1671 1587 1582 1621 1734 1706 1580 1590 1590 1716 1563 1617 1540 1612 1449 1613 1635 1465 1476 1561 1729 1610 1569 1647 1690 1673 1600 1404 1369 1485 1752 1729 1495 1444 1768 1548 1635 1609 1487 1601 1511 1424 
1512 1575 1441 1518 1662 1539 1480 1569 1536 1576 1603 1660 1655 1729 1332 1651 1335 1477 1441 1611 1719 1554 1716 1462 1577 1474 1681 1591 1564 1444 1415 1636 1578 1586 1499 1507 1285 1684 1542 1465 1448 1533 1580 1419 1441 1582 1828 1623 1514 1433 1177 1578 1644 1740 1498 1402 1712 1476 1707 1500 1457 1518 1524 1509 
1726 1713 1672 1598 1656 1763 1552 1684 1804 1666 1622 1671 1661 1654 1684 1805 1430 1642 1590 1644 1849 1588 1747 1586 1686 1642 1733 1688 1690 1484 1423 1621 1540 1549 1601 1656 1338 1659 1684 1501 1517 1743 1750 1581 1526 1671 1768 1613 1656 1483 1319 1614 1677 1739 1487 1500 1734 1587 1685 1694 1497 1758 1635 1469 
1794 1834 1740 1686 1851 1868 1652 1698 1852 1796 1825 1791 1822 1836 1770 1897 1535 1795 1731 1851 1786 1625 1832 1644 1715 1824 1816 1837 1829 1698 1594 1883 1784 1735 1686 1874 1560 1796 1794 1624 1655 1906 1903 1822 1756 1892 1942 1743 1780 1491 1495 1690 1857 1845 1600 1605 1863 1709 1800 1767 1567 1786 1604 1534 
1424 1568 1571 1397 1590 1556 1559 1534 1583 1636 1561 1701 1599 1561 1543 1654 1351 1523 1538 1698 1656 1645 1711 1490 1624 1445 1711 1584 1687 1452 1474 1589 1607 1523 1569 1410 1350 1568 1470 1535 1466 1568 1557 1349 1394 1522 1764 1645 1537 1217 1220 1503 1601 1681 1473 1450 1610 1431 1589 1478 1347 1567 1494 1435 
1729 1837 1803 1781 1762 1728 1837 1699 1815 1777 1895 1752 1824 1805 1762 1927 1570 1776 1682 1791 1830 1728 1947 1677 1732 1800 1895 1874 1880 1759 1614 1836 1753 1800 1674 1696 1566 1820 1824 1638 1647 1806 1876 1819 1773 1831 1916 1804 1818 1517 1403 1684 1843 1864 1662 1603 1852 1685 1890 1826 1620 1759 1658 1735 
1523 1552 1331 1443 1498 1498 1460 1445 1567 1494 1435 1474 1414 1619 1539 1587 1299 1471 1506 1672 1592 1434 1690 1430 1571 1543 1616 1579 1601 1362 1439 1529 1487 1547 1458 1402 1308 1489 1529 1492 1444 1415 1561 1471 1375 1548 1685 1607 1551 1343 1255 1389 1568 1505 1352 1305 1700 1455 1610 1468 1405 1499 1502 1323 
1611 1738 1578 1615 1707 1732 1666 1574 1865 1684 1653 1731 1725 1742 1740 1820 1425 1549 1675 1757 1750 1577 1795 1690 1707 1637 1722 1751 1812 1625 1503 1679 1718 1660 1665 1559 1405 1746 1773 1496 1643 1662 1717 1567 1571 1721 1890 1641 1633 1471 1369 1714 1795 1810 1462 1489 1790 1670 1818 1642 1595 1775 1538 1548 
1515 1555 1559 1463 1631 1528 1627 1535 1684 1689 1631 1660 1651 1684 1595 1734 1390 1475 1544 1648 1696 1523 1739 1598 1597 1614 1704 1656 1627 1604 1437 1607 1512 1597 1549 1645 1417 1604 1650 1444 1431 1659 1733 1535 1518 1561 1661 1681 1482 1297 1294 1476 1622 1757 1489 1432 1697 1497 1590 1665 1552 1630 1523 1435 
1538 1570 1486 1552 1477 1632 1518 1511 1750 1571 1593 1511 1587 1633 1588 1675 1397 1543 1548 1623 1585 1503 1656 1485 1591 1574 1669 1642 1619 1630 1424 1588 1576 1548 1550 1487 1297 1683 1576 1485 1353 1726 1565 1449 1492 1614 1715 1629 1521 1332 1268 1486 1691 1591 1494 1433 1715 1445 1638 1463 1358 1614 1448 1329 
1691 1703 1517 1603 1625 1667 1652 1620 1765 1826 1593 1680 1629 1600 1729 1713 1382 1489 1557 1598 1732 1636 1746 1523 1658 1629 1753 1643 1730 1661 1539 1683 1532 1660 1655 1550 1420 1663 1698 1564 1579 1636 1770 1568 1522 1685 1715 1658 1637 1307 1373 1569 1692 1671 1478 1595 1769 1473 1740 1509 1527 1664 1659 1386 
1424 1293 1457 1390 1526 1442 1457 1452 1536 1438 1409 1451 1542 1578 1549 1584 1364 1404 1499 1598 1523 1394 1599 1446 1457 1495 1557 1537 1554 1452 1369 1473 1395 1396 1435 1443 1233 1525 1363 1327 1263 1525 1493 1298 1365 1421 1601 1517 1413 1276 1174 1373 1479 1560 1421 1389 1636 1248 1555 1430 1354 1534 1378 1311 
1744 1778 1632 1722 1798 1781 1682 1590 1881 1837 1755 1813 1826 1966 1619 1814 1536 1596 1658 1781 1879 1656 1839 1724 1641 1815 1910 1745 1757 1647 1464 1834 1670 1658 1803 1732 1542 1801 1662 1690 1548 1766 1806 1675 1655 1782 1964 1824 1668 1491 1452 1654 1824 1812 1613 1594 1811 1621 1818 1690 1602 1738 1633 1545 
1680 1719 1697 1567 1744 1674 1643 1650 1788 1734 1706 1664 1741 1714 1603 1801 1484 1566 1560 1788 1795 1693 1812 1664 1706 1638 1790 1662 1823 1585 1540 1796 1698 1746 1653 1632 1417 1722 1711 1555 1560 1724 1775 1515 1517 1580 1829 1816 1686 1343 1381 1585 1750 1844 1553 1617 1754 1571 1815 1610 1606 1754 1747 1565 
1630 1748 1482 1532 1585 1611 1628 1609 1668 1616 1572 1547 1534 1622 1622 1685 1419 1617 1537 1641 1712 1562 1747 1669 1589 1665 1600 1731 1703 1635 1484 1556 1695 1732 1637 1591 1334 1749 1720 1541 1403 1624 1673 1594 1521 1664 1735 1652 1699 1430 1317 1640 1718 1717 1487 1519 1752 1505 1717 1574 1525 1602 1473 1404 
1587 1592 1682 1539 1576 1540 1541 1492 1779 1602 1575 1603 1603 1587 1621 1674 1396 1506 1579 1657 1619 1479 1664 1565 1617 1543 1659 1631 1711 1494 1462 1710 1537 1498 1468 1600 1378 1543 1623 1404 1439 1649 1781 1432 1479 1495 1640 1614 1557 1347 1284 1452 1625 1654 1424 1456 1670 1559 1686 1556 1433 1722 1447 1473 
1800 1827 1706 1723 1809 1781 1752 1677 1870 1919 1825 1760 1781 1855 1799 1943 1590 1699 1664 1842 1811 1583 1873 1707 1734 1795 1784 1754 1853 1647 1561 1760 1637 1697 1645 1785 1525 1808 1712 1625 1518 1785 1863 1588 1669 1724 1888 1802 1609 1514 1445 1607 1696 1959 1597 1655 1888 1576 1816 1770 1723 1800 1663 1552 
